0 0.460547 0.577778 0.147656 0.216667
7 0.0476562 0.289583 0.0484375 0.0736111
7 0.103125 0.263194 0.0703125 0.151389
0 0.322656 0.341667 0.0203125 0.0333333
0 0.364844 0.339583 0.0234375 0.0402778
0 0.770312 0.616667 0.0390625 0.05
5 0.103906 0.261111 0.0671875 0.15
2 0.589844 0.403472 0.125 0.181944
2 0.199219 0.290972 0.0671875 0.0819444
2 0.341016 0.384028 0.111719 0.173611
2 0.261719 0.30625 0.059375 0.0652778
2 0.801562 0.679861 0.173438 0.234722
2 0.401953 0.484028 0.122656 0.190278
2 0.462109 0.579167 0.153906 0.213889
2 0.555469 0.840278 0.176563 0.263889
