0 0.810547 0.595139 0.0289063 0.0402778
7 0.0476562 0.289583 0.0484375 0.0736111
0 0.358984 0.329861 0.0226563 0.0375
0 0.316016 0.332639 0.0210938 0.0375
0 0.760156 0.586806 0.0296875 0.0541667
0 0.560156 0.345139 0.0234375 0.0347222
5 0.103516 0.261111 0.0679687 0.15
2 0.578906 0.392361 0.121875 0.181944
2 0.258594 0.309722 0.0578125 0.0638889
2 0.335938 0.375 0.10625 0.169444
2 0.196875 0.29375 0.0671875 0.0791667
2 0.397266 0.463194 0.121094 0.184722
2 0.544922 0.803472 0.174219 0.251389
2 0.451953 0.561806 0.150781 0.201389
2 0.786328 0.652083 0.174219 0.234722
