0 0.514844 0.749306 0.040625 0.0486111
0 0.453125 0.560417 0.148438 0.198611
0 0.810547 0.596528 0.0320312 0.0430556
0 0.574609 0.740278 0.0351562 0.05
0 0.316797 0.334028 0.0210938 0.0347222
7 0.580859 0.394444 0.121094 0.186111
0 0.360156 0.329861 0.0234375 0.0402778
0 0.761719 0.59375 0.0328125 0.0541667
0 0.561328 0.347222 0.0226563 0.0388889
2 0.580469 0.39375 0.121875 0.1875
5 0.103516 0.2625 0.0695312 0.15
2 0.337109 0.375 0.105469 0.169444
2 0.259375 0.309722 0.0578125 0.0638889
2 0.197266 0.29375 0.0664062 0.0791667
2 0.398438 0.464583 0.121875 0.184722
2 0.546484 0.811111 0.175781 0.258333
2 0.452344 0.565278 0.153125 0.205556
2 0.7875 0.658333 0.176563 0.233333
