0 0.745313 0.572222 0.03125 0.05
0 0.35625 0.328472 0.028125 0.0402778
0 0.3125 0.325 0.0234375 0.0305556
0 0.564844 0.706944 0.034375 0.0555556
7 0.0480469 0.289583 0.0476562 0.0736111
7 0.103125 0.264583 0.0703125 0.151389
5 0.103516 0.261806 0.0679687 0.148611
2 0.572656 0.385417 0.117188 0.179167
2 0.194531 0.294444 0.065625 0.0777778
2 0.257031 0.3125 0.059375 0.0555556
2 0.332422 0.369444 0.110156 0.166667
2 0.389844 0.452083 0.114063 0.181944
2 0.442969 0.545139 0.146875 0.198611
2 0.774219 0.63125 0.16875 0.215278
2 0.536328 0.772917 0.167969 0.254167
