0 0.81875 0.602083 0.0296875 0.0375
0 0.360156 0.331944 0.0234375 0.0416667
0 0.583203 0.395833 0.121094 0.188889
0 0.561328 0.348611 0.0242187 0.0388889
0 0.762891 0.597222 0.0335938 0.0527778
5 0.103516 0.261111 0.0679687 0.15
2 0.582812 0.395139 0.123438 0.184722
2 0.337891 0.375694 0.105469 0.170833
2 0.198047 0.293056 0.0664062 0.0805556
2 0.259375 0.309028 0.05625 0.0652778
2 0.398047 0.468056 0.124219 0.183333
2 0.454297 0.568056 0.150781 0.205556
2 0.548047 0.815972 0.175781 0.259722
2 0.788672 0.661111 0.177344 0.233333
