0 0.535156 0.325694 0.025 0.0375
7 0.104297 0.261111 0.0710938 0.147222
5 0.104687 0.261806 0.06875 0.148611
7 0.0484375 0.289583 0.0484375 0.0736111
7 0.551172 0.373611 0.119531 0.175
0 0.726562 0.531944 0.0328125 0.05
2 0.553906 0.372222 0.115625 0.177778
2 0.253906 0.318056 0.0640625 0.05
2 0.557813 0.967361 0.157813 0.0541667
2 0.379297 0.436111 0.111719 0.175
2 0.190234 0.295833 0.0648438 0.0777778
2 0.324219 0.359028 0.103125 0.165278
2 0.752734 0.594444 0.160156 0.216667
2 0.428516 0.520833 0.138281 0.191667
2 0.520312 0.723611 0.160938 0.241667
