0 0.361719 0.336806 0.0234375 0.0402778
0 0.483984 0.521528 0.0351562 0.0402778
7 0.0476562 0.288889 0.0484375 0.075
0 0.581641 0.753472 0.0382813 0.0597222
0 0.585547 0.400694 0.121094 0.1875
0 0.5625 0.351389 0.025 0.0388889
0 0.766016 0.609722 0.0367187 0.05
7 0.584375 0.400694 0.123438 0.1875
5 0.103516 0.261111 0.0679687 0.15
2 0.587109 0.400694 0.125781 0.184722
2 0.198828 0.292361 0.0664062 0.0819444
2 0.260156 0.306944 0.059375 0.0666667
2 0.339844 0.379861 0.110937 0.176389
2 0.400391 0.476389 0.121094 0.183333
2 0.460547 0.573611 0.150781 0.211111
2 0.796484 0.66875 0.174219 0.231944
2 0.552734 0.83125 0.175781 0.2625
