0 0.523438 0.738889 0.164062 0.233333
7 0.103125 0.263889 0.071875 0.15
0 0.539453 0.330556 0.0257812 0.0416667
7 0.0484375 0.289583 0.0484375 0.0736111
0 0.784766 0.550694 0.0304688 0.0402778
0 0.733203 0.549306 0.0335938 0.0486111
0 0.307813 0.321528 0.01875 0.0319444
2 0.55625 0.979861 0.151562 0.0402778
5 0.103906 0.261111 0.06875 0.15
2 0.558203 0.374306 0.117969 0.179167
2 0.255078 0.313194 0.0601562 0.0513889
2 0.192578 0.295833 0.0664062 0.0777778
2 0.327734 0.3625 0.107031 0.161111
2 0.383594 0.444444 0.115625 0.177778
2 0.432813 0.528472 0.142188 0.195833
2 0.760547 0.606944 0.163281 0.222222
2 0.525391 0.740278 0.166406 0.238889
