0 0.546094 0.332639 0.0234375 0.0375
7 0.0480469 0.289583 0.0492188 0.0736111
7 0.103125 0.264583 0.0703125 0.151389
0 0.310937 0.322222 0.0234375 0.0277778
5 0.103906 0.261806 0.06875 0.151389
0 0.740625 0.557639 0.0328125 0.0513889
2 0.566406 0.38125 0.115625 0.176389
2 0.192969 0.295833 0.065625 0.075
2 0.256641 0.313889 0.0585938 0.0527778
2 0.331641 0.366667 0.108594 0.163889
2 0.389062 0.447917 0.115625 0.176389
2 0.439063 0.536111 0.15 0.2
2 0.532031 0.756944 0.16875 0.255556
2 0.771875 0.620139 0.1625 0.220833
