0 0.782031 0.544444 0.0265625 0.0277778
7 0.103125 0.263194 0.071875 0.151389
0 0.536719 0.328472 0.0234375 0.0402778
7 0.551562 0.375 0.125 0.172222
7 0.0484375 0.289583 0.0484375 0.0736111
5 0.103906 0.261111 0.06875 0.15
0 0.728516 0.535417 0.0367187 0.0513889
2 0.557422 0.970139 0.155469 0.0486111
2 0.553516 0.372222 0.117969 0.177778
2 0.254297 0.318056 0.0632813 0.05
2 0.190234 0.295139 0.0648438 0.0791667
2 0.380469 0.4375 0.114063 0.175
2 0.324609 0.359722 0.103906 0.163889
2 0.754687 0.595833 0.160938 0.216667
2 0.430078 0.522917 0.139844 0.193056
2 0.521484 0.728472 0.163281 0.243056
