0 0.435547 0.531944 0.135156 0.208333
7 0.0480469 0.289583 0.0476562 0.0736111
7 0.103125 0.264583 0.0703125 0.151389
0 0.792578 0.561806 0.0273438 0.0319444
0 0.308594 0.323611 0.0203125 0.0333333
5 0.104687 0.261806 0.0703125 0.151389
0 0.739062 0.553472 0.0328125 0.0513889
2 0.565234 0.380556 0.117969 0.175
2 0.255859 0.313889 0.0585938 0.0527778
2 0.192188 0.295833 0.065625 0.075
2 0.330859 0.364583 0.108594 0.1625
2 0.386719 0.447917 0.1125 0.179167
2 0.437109 0.534722 0.147656 0.2
2 0.769531 0.617361 0.1625 0.220833
2 0.530859 0.752778 0.167969 0.25
