0 0.355859 0.322917 0.0273438 0.0402778
0 0.310156 0.323611 0.0234375 0.0277778
7 0.103125 0.263194 0.0703125 0.151389
7 0.0484375 0.289583 0.0484375 0.0736111
0 0.741406 0.563889 0.034375 0.0527778
5 0.103906 0.261111 0.06875 0.15
2 0.358984 0.409028 0.141406 0.181944
2 0.56875 0.382639 0.115625 0.179167
2 0.193359 0.295833 0.0648438 0.075
2 0.25625 0.313194 0.059375 0.0541667
2 0.332422 0.367361 0.108594 0.165278
2 0.441016 0.539583 0.150781 0.201389
2 0.388672 0.449306 0.113281 0.179167
2 0.769531 0.622222 0.165625 0.219444
2 0.533203 0.766667 0.167969 0.252778
