0 0.361719 0.336806 0.025 0.0430556
0 0.585938 0.402083 0.120312 0.184722
0 0.482422 0.525 0.0335938 0.0416667
0 0.562891 0.352083 0.0257812 0.0375
7 0.0480469 0.289583 0.0476562 0.0736111
0 0.321875 0.338889 0.021875 0.0333333
0 0.769141 0.6125 0.0335938 0.05
5 0.103516 0.261111 0.0679687 0.15
2 0.589063 0.402083 0.125 0.181944
2 0.198828 0.291667 0.0664062 0.0805556
2 0.340234 0.383333 0.110156 0.175
2 0.260938 0.306944 0.059375 0.0638889
2 0.798047 0.676389 0.177344 0.233333
2 0.462109 0.575 0.153906 0.213889
2 0.400391 0.48125 0.119531 0.1875
2 0.553516 0.834722 0.175781 0.263889
