0 0.535547 0.325694 0.0210938 0.0402778
7 0.102734 0.263194 0.0710938 0.151389
7 0.0480469 0.289583 0.0476562 0.0736111
5 0.104687 0.261806 0.06875 0.148611
0 0.722266 0.53125 0.0320312 0.0486111
2 0.552734 0.370833 0.113281 0.175
2 0.253125 0.316667 0.0640625 0.0472222
2 0.189453 0.295833 0.0648438 0.0777778
2 0.322656 0.35625 0.101562 0.168056
2 0.751562 0.591667 0.159375 0.216667
2 0.557813 0.963889 0.160938 0.0638889
2 0.377344 0.436111 0.110937 0.175
2 0.426953 0.518056 0.139844 0.188889
2 0.518359 0.719444 0.160156 0.241667
