0 0.355469 0.324306 0.025 0.0375
0 0.741797 0.567361 0.0335938 0.0541667
0 0.310547 0.324306 0.0226563 0.0291667
7 0.0480469 0.289583 0.0476562 0.0736111
7 0.103125 0.263889 0.0703125 0.152778
5 0.103516 0.261111 0.0679687 0.15
2 0.571094 0.384722 0.115625 0.175
2 0.19375 0.295139 0.065625 0.0763889
2 0.332422 0.36875 0.108594 0.165278
2 0.25625 0.313194 0.059375 0.0541667
2 0.441406 0.542361 0.148438 0.198611
2 0.389062 0.452778 0.110937 0.180556
2 0.772266 0.627778 0.169531 0.213889
2 0.535156 0.769444 0.167187 0.255556
