0 0.565234 0.708333 0.0382813 0.0555556
0 0.3125 0.325694 0.025 0.0319444
7 0.0480469 0.289583 0.0476562 0.0736111
0 0.356641 0.327083 0.0273438 0.0375
7 0.103125 0.263194 0.0703125 0.151389
0 0.746484 0.574306 0.0320312 0.0486111
5 0.103516 0.261111 0.0679687 0.15
2 0.257812 0.311111 0.059375 0.0555556
2 0.572656 0.386806 0.117188 0.179167
2 0.194531 0.294444 0.065625 0.0777778
2 0.332812 0.371528 0.109375 0.165278
2 0.391406 0.454167 0.115625 0.186111
2 0.444922 0.546528 0.147656 0.201389
2 0.775391 0.636111 0.171094 0.216667
2 0.537891 0.777083 0.169531 0.254167
