7 0.103125 0.263889 0.071875 0.152778
7 0.0480469 0.289583 0.0476562 0.0736111
0 0.510547 0.975694 0.0289063 0.0430556
5 0.104687 0.261806 0.06875 0.151389
0 0.7125 0.520833 0.028125 0.0416667
2 0.248047 0.313194 0.0601562 0.0458333
2 0.563672 0.950694 0.183594 0.0958333
2 0.546875 0.368056 0.11875 0.169444
2 0.185937 0.297917 0.0625 0.0763889
2 0.317969 0.352778 0.103125 0.163889
2 0.369531 0.427778 0.10625 0.169444
2 0.419922 0.50625 0.141406 0.1875
2 0.742578 0.575694 0.160156 0.215278
2 0.510547 0.697917 0.158594 0.234722
