7 0.0480469 0.289583 0.0476562 0.0736111
0 0.58125 0.751389 0.0375 0.0583333
0 0.584766 0.4 0.121094 0.188889
0 0.5625 0.351389 0.025 0.0388889
7 0.583203 0.4 0.122656 0.188889
5 0.103516 0.261111 0.0679687 0.15
2 0.585938 0.398611 0.125 0.186111
0 0.766016 0.605556 0.0335938 0.05
2 0.198437 0.292361 0.065625 0.0819444
2 0.259375 0.307639 0.059375 0.0652778
2 0.339063 0.378472 0.109375 0.176389
2 0.458203 0.572917 0.152344 0.209722
2 0.4 0.472917 0.121875 0.181944
2 0.551172 0.825694 0.174219 0.256944
2 0.794531 0.664583 0.171875 0.226389
