0 0.790234 0.559028 0.0289063 0.0347222
7 0.103125 0.264583 0.071875 0.151389
7 0.0480469 0.289583 0.0476562 0.0736111
0 0.308594 0.322917 0.01875 0.0319444
5 0.103906 0.2625 0.06875 0.15
0 0.738281 0.552778 0.034375 0.0527778
2 0.562891 0.379167 0.119531 0.175
2 0.255469 0.313194 0.059375 0.0513889
2 0.192578 0.295833 0.0664062 0.0777778
2 0.328906 0.363889 0.107813 0.163889
2 0.385938 0.447222 0.115625 0.177778
2 0.435937 0.531944 0.145313 0.2
2 0.764063 0.613889 0.165625 0.225
2 0.529297 0.75 0.164844 0.247222
