0 0.511328 0.972222 0.0320312 0.0444444
7 0.102734 0.2625 0.0710938 0.152778
0 0.709766 0.514583 0.0273438 0.0375
7 0.0480469 0.290278 0.0492188 0.075
5 0.103906 0.261806 0.06875 0.151389
2 0.249219 0.311806 0.0640625 0.0486111
2 0.565625 0.947222 0.192188 0.1
2 0.185937 0.297917 0.0625 0.0763889
2 0.545313 0.366667 0.11875 0.169444
2 0.317187 0.352083 0.103125 0.1625
2 0.369531 0.426389 0.10625 0.169444
2 0.417969 0.502778 0.142188 0.186111
2 0.739844 0.572917 0.157813 0.215278
2 0.508984 0.69375 0.158594 0.234722
