7 0.0480469 0.289583 0.0476562 0.0736111
0 0.313672 0.328472 0.0226563 0.0347222
7 0.103125 0.263194 0.0703125 0.151389
0 0.566406 0.711806 0.0390625 0.0541667
0 0.357422 0.327083 0.0289063 0.0375
0 0.749219 0.575694 0.0328125 0.0486111
5 0.103516 0.261111 0.0679687 0.15
2 0.258203 0.310417 0.0585938 0.0569444
2 0.194922 0.29375 0.0664062 0.0791667
2 0.573438 0.3875 0.11875 0.180556
2 0.333203 0.371528 0.108594 0.165278
2 0.392578 0.45625 0.116406 0.1875
2 0.447656 0.549306 0.151562 0.204167
2 0.776953 0.638889 0.171094 0.219444
2 0.539453 0.780556 0.169531 0.25
