2 0.557813 0.984722 0.146875 0.0305556
0 0.541406 0.33125 0.0265625 0.0375
0 0.785156 0.552083 0.03125 0.0430556
7 0.103125 0.263889 0.071875 0.15
7 0.0484375 0.289583 0.046875 0.0736111
0 0.308594 0.322222 0.01875 0.0305556
0 0.736328 0.55 0.0335938 0.0527778
5 0.103906 0.261806 0.06875 0.148611
2 0.560547 0.378472 0.119531 0.173611
2 0.255469 0.313194 0.0609375 0.0513889
2 0.192969 0.295833 0.0671875 0.0777778
2 0.328125 0.3625 0.10625 0.163889
2 0.385156 0.445139 0.115625 0.179167
2 0.434766 0.530556 0.142969 0.202778
2 0.7625 0.611111 0.164062 0.227778
2 0.527734 0.745139 0.163281 0.243056
