7 0.0480469 0.289583 0.0492188 0.0736111
0 0.360156 0.333333 0.025 0.0444444
0 0.583594 0.397917 0.121875 0.1875
0 0.561719 0.350694 0.0234375 0.0402778
7 0.582422 0.397917 0.121094 0.1875
0 0.765234 0.600694 0.0335938 0.0486111
5 0.103516 0.261111 0.0679687 0.15
2 0.583984 0.396528 0.125781 0.184722
2 0.198047 0.293056 0.0664062 0.0805556
2 0.259766 0.308333 0.0570313 0.0638889
2 0.337891 0.379167 0.108594 0.172222
2 0.549219 0.822222 0.175 0.258333
2 0.455469 0.570833 0.153125 0.208333
2 0.398828 0.471528 0.121094 0.184722
2 0.791797 0.663889 0.175781 0.230556
