0 0.486328 0.536111 0.0257812 0.0388889
0 0.528516 0.795139 0.0492188 0.0541667
0 0.323828 0.342361 0.0210938 0.0319444
0 0.341797 0.383333 0.108594 0.175
7 0.0476562 0.288889 0.0484375 0.0722222
0 0.5875 0.7875 0.0359375 0.0527778
7 0.103125 0.263194 0.0703125 0.151389
0 0.366406 0.344444 0.0234375 0.0361111
5 0.103906 0.261111 0.0671875 0.15
0 0.777344 0.625694 0.040625 0.0541667
2 0.594531 0.408333 0.123438 0.183333
2 0.342578 0.388889 0.111719 0.172222
2 0.200781 0.291667 0.065625 0.0833333
2 0.263672 0.30625 0.0601562 0.0652778
2 0.466016 0.589583 0.152344 0.218056
2 0.404297 0.488194 0.122656 0.193056
2 0.558203 0.854861 0.178906 0.265278
2 0.806641 0.6875 0.178906 0.241667
