7 0.0480469 0.290278 0.0492188 0.075
0 0.679688 0.471528 0.0265625 0.0402778
7 0.521875 0.35 0.110937 0.161111
2 0.241406 0.313889 0.0546875 0.0444444
0 0.499609 0.868056 0.0445312 0.0527778
2 0.522656 0.35 0.107813 0.161111
5 0.103906 0.2625 0.0671875 0.15
2 0.356641 0.397917 0.100781 0.165278
2 0.179688 0.303472 0.0578125 0.0652778
2 0.539844 0.89375 0.204688 0.201389
2 0.304297 0.336806 0.0992187 0.156944
2 0.395703 0.4625 0.128906 0.177778
2 0.482812 0.625694 0.153125 0.2125
2 0.704297 0.527778 0.153906 0.2
