0 0.488672 0.661111 0.0367187 0.05
0 0.719141 0.529861 0.0335938 0.0513889
7 0.102734 0.263889 0.0710938 0.152778
7 0.0480469 0.289583 0.0492188 0.0736111
5 0.103906 0.261806 0.06875 0.151389
2 0.551172 0.370139 0.113281 0.173611
2 0.251172 0.313889 0.0632813 0.0472222
2 0.188281 0.296528 0.0640625 0.0763889
2 0.321484 0.354861 0.102344 0.168056
2 0.557813 0.960417 0.165625 0.0708333
2 0.747656 0.5875 0.160938 0.213889
2 0.375781 0.435417 0.107813 0.173611
2 0.425391 0.515278 0.141406 0.186111
2 0.516406 0.713194 0.159375 0.2375
