7 0.0476562 0.290972 0.05 0.0763889
0 0.681641 0.472222 0.0273438 0.0444444
7 0.523438 0.349306 0.110937 0.1625
0 0.498047 0.872222 0.0445312 0.0527778
2 0.242188 0.3125 0.05625 0.0472222
2 0.523828 0.35 0.108594 0.161111
5 0.103516 0.263194 0.0679687 0.151389
2 0.357422 0.4 0.100781 0.166667
2 0.304688 0.3375 0.0984375 0.158333
2 0.541016 0.897222 0.202344 0.194444
2 0.180469 0.302778 0.059375 0.0666667
2 0.396875 0.465278 0.129688 0.177778
2 0.485156 0.629167 0.15 0.219444
2 0.705859 0.529167 0.153906 0.2
