0 0.341406 0.383333 0.110937 0.169444
0 0.585156 0.774306 0.0359375 0.0569444
7 0.0476562 0.288889 0.0484375 0.0722222
0 0.323047 0.341667 0.0210938 0.0305556
7 0.103125 0.263889 0.0703125 0.152778
0 0.834375 0.618056 0.0296875 0.0527778
0 0.365625 0.341667 0.021875 0.0361111
5 0.103906 0.261806 0.0671875 0.151389
0 0.771094 0.620833 0.0375 0.05
2 0.592188 0.405556 0.123438 0.180556
2 0.341797 0.386111 0.111719 0.172222
2 0.262891 0.30625 0.0585938 0.0652778
2 0.2 0.292361 0.0671875 0.0819444
2 0.462891 0.585417 0.150781 0.2125
2 0.802734 0.681944 0.175781 0.238889
2 0.402734 0.486806 0.122656 0.193056
2 0.557031 0.844444 0.178125 0.269444
