0 0.811328 0.593056 0.0242187 0.0333333
7 0.0476562 0.289583 0.0484375 0.0736111
0 0.358203 0.329167 0.0242187 0.0388889
0 0.316016 0.331944 0.0210938 0.0388889
0 0.559766 0.34375 0.0226563 0.0319444
5 0.103906 0.261111 0.06875 0.15
0 0.755078 0.586806 0.0367187 0.0569444
2 0.577344 0.391667 0.120312 0.180556
2 0.258594 0.310417 0.0578125 0.0625
2 0.335547 0.373611 0.107031 0.169444
2 0.196094 0.29375 0.0671875 0.0791667
2 0.396094 0.4625 0.117188 0.186111
2 0.543359 0.8 0.174219 0.25
2 0.45 0.559028 0.153125 0.201389
2 0.783203 0.646528 0.172656 0.229167
