0 0.537109 0.329861 0.0257812 0.0402778
0 0.783984 0.549306 0.0289063 0.0347222
7 0.102734 0.263194 0.0710938 0.151389
0 0.307422 0.320833 0.0195312 0.0305556
7 0.0484375 0.289583 0.0484375 0.0736111
2 0.555469 0.977083 0.151562 0.0430556
5 0.103906 0.261111 0.06875 0.15
0 0.729297 0.543056 0.0367187 0.0555556
2 0.557031 0.372917 0.120312 0.179167
2 0.254687 0.313194 0.059375 0.0486111
2 0.191797 0.295139 0.0664062 0.0791667
2 0.325781 0.361806 0.104687 0.1625
2 0.382812 0.441667 0.115625 0.177778
2 0.431641 0.526389 0.139844 0.197222
2 0.757422 0.602083 0.163281 0.220833
2 0.524609 0.736806 0.166406 0.240278
