0 0.701953 0.497917 0.0304688 0.0513889
0 0.505859 0.935417 0.0367187 0.0430556
7 0.0480469 0.290278 0.0492188 0.075
7 0.102734 0.261806 0.0710938 0.151389
5 0.103906 0.261111 0.0671875 0.15
2 0.247656 0.316667 0.059375 0.0416667
2 0.5375 0.361806 0.114063 0.165278
2 0.184375 0.299306 0.0625 0.0763889
2 0.548828 0.928472 0.208594 0.134722
2 0.312109 0.345139 0.0976562 0.156944
2 0.365234 0.414583 0.105469 0.170833
2 0.500391 0.670833 0.155469 0.230556
2 0.408594 0.488889 0.135937 0.180556
2 0.726562 0.555556 0.157813 0.208333
