0 0.306641 0.319444 0.0195312 0.0305556
7 0.102734 0.263194 0.0710938 0.151389
0 0.781641 0.545833 0.0273438 0.0305556
7 0.0480469 0.290278 0.0492188 0.075
5 0.103906 0.261111 0.06875 0.15
2 0.557813 0.973611 0.151562 0.0444444
0 0.729688 0.538889 0.0390625 0.0555556
2 0.554688 0.372917 0.120312 0.176389
2 0.254297 0.313889 0.0585938 0.05
2 0.324609 0.359722 0.102344 0.163889
2 0.382031 0.439583 0.115625 0.176389
2 0.191016 0.295139 0.0648438 0.0791667
2 0.430859 0.525 0.139844 0.194444
2 0.755469 0.598611 0.165625 0.219444
2 0.522656 0.731944 0.164062 0.241667
