0 0.557422 0.342361 0.0210938 0.0291667
7 0.0480469 0.289583 0.0476562 0.0736111
0 0.357422 0.328472 0.0257812 0.0375
0 0.314844 0.330556 0.021875 0.0388889
5 0.103906 0.261111 0.06875 0.15
0 0.754297 0.582639 0.0382813 0.0541667
2 0.575781 0.392361 0.11875 0.181944
2 0.258594 0.311111 0.0578125 0.0611111
2 0.335547 0.373611 0.108594 0.169444
2 0.196094 0.29375 0.0671875 0.0791667
2 0.394531 0.461111 0.11875 0.186111
2 0.448438 0.555556 0.153125 0.202778
2 0.541406 0.793056 0.171875 0.25
2 0.78125 0.64375 0.16875 0.226389
