0 0.759375 0.510417 0.028125 0.0402778
7 0.0484375 0.290278 0.0484375 0.075
0 0.70625 0.509028 0.03125 0.0458333
0 0.503906 0.956944 0.0515625 0.0583333
7 0.539062 0.363889 0.1125 0.166667
2 0.248047 0.316667 0.0601562 0.0416667
5 0.103516 0.261111 0.0679687 0.15
2 0.540234 0.363194 0.117969 0.168056
2 0.184766 0.297917 0.0617188 0.0763889
2 0.551172 0.933333 0.208594 0.113889
2 0.315625 0.347917 0.1 0.1625
2 0.367578 0.420833 0.103906 0.169444
2 0.413281 0.498611 0.135937 0.177778
2 0.505469 0.681944 0.15625 0.233333
2 0.734375 0.563889 0.157813 0.213889
