0 0.343359 0.383333 0.110156 0.175
0 0.325781 0.341667 0.021875 0.0305556
0 0.836328 0.6375 0.0273438 0.0361111
7 0.0476562 0.289583 0.0484375 0.0736111
7 0.103125 0.263889 0.0703125 0.152778
0 0.368359 0.34375 0.0242187 0.0375
5 0.103906 0.261111 0.0671875 0.15
0 0.778906 0.630556 0.04375 0.0583333
2 0.201562 0.290278 0.065625 0.0861111
2 0.595312 0.409722 0.125 0.186111
2 0.34375 0.389583 0.114063 0.170833
2 0.264453 0.30625 0.0601562 0.0652778
2 0.467969 0.595833 0.154687 0.213889
2 0.405859 0.488889 0.122656 0.194444
2 0.560547 0.857639 0.180469 0.2625
2 0.809375 0.692361 0.179688 0.243056
