0 0.323047 0.341667 0.0210938 0.0305556
0 0.341797 0.383333 0.110156 0.169444
0 0.485547 0.533333 0.0289063 0.0388889
0 0.434766 0.536806 0.0257812 0.0375
0 0.586719 0.781944 0.0328125 0.0527778
7 0.0476562 0.288889 0.0484375 0.0722222
7 0.103125 0.263194 0.0703125 0.151389
0 0.365234 0.343056 0.0210938 0.0333333
0 0.835547 0.61875 0.0320312 0.0541667
5 0.103906 0.261111 0.0703125 0.152778
0 0.776172 0.622917 0.0367187 0.0513889
2 0.342578 0.386806 0.111719 0.173611
2 0.262891 0.30625 0.0585938 0.0652778
2 0.594141 0.40625 0.122656 0.181944
2 0.200391 0.291667 0.0664062 0.0833333
2 0.464063 0.586806 0.151562 0.215278
2 0.403516 0.486806 0.122656 0.193056
2 0.805078 0.685417 0.177344 0.2375
2 0.558594 0.849306 0.179688 0.270833
