1 0 0.49375 0.864583 0.0390625 0.0486111
1 0 0.679297 0.468056 0.0273438 0.05
1 2 0.241406 0.3125 0.0546875 0.0444444
1 2 0.179297 0.304167 0.0570313 0.0638889
1 2 0.355859 0.396528 0.102344 0.165278
1 2 0.303516 0.336111 0.0992187 0.155556
1 2 0.394141 0.461111 0.128906 0.175
1 2 0.539062 0.890972 0.20625 0.206944
1 2 0.48125 0.622222 0.151562 0.213889
1 2 0.702344 0.525 0.154687 0.197222
1 5 0.103516 0.2625 0.0679687 0.15
1 7 0.0476562 0.290278 0.05 0.075
1 7 0.521094 0.349306 0.109375 0.1625
2 0 0.679688 0.471528 0.0265625 0.0402778
2 0 0.499609 0.868056 0.0445312 0.0527778
2 2 0.241406 0.313889 0.0546875 0.0444444
2 2 0.522656 0.35 0.107813 0.161111
2 2 0.356641 0.397917 0.100781 0.165278
2 2 0.179688 0.303472 0.0578125 0.0652778
2 2 0.539844 0.89375 0.204688 0.201389
2 2 0.304297 0.336806 0.0992187 0.156944
2 2 0.395703 0.4625 0.128906 0.177778
2 2 0.482812 0.625694 0.153125 0.2125
2 2 0.704297 0.527778 0.153906 0.2
2 5 0.103906 0.2625 0.0671875 0.15
2 7 0.0480469 0.290278 0.0492188 0.075
2 7 0.521875 0.35 0.110937 0.161111
3 0 0.681641 0.472222 0.0273438 0.0444444
3 0 0.498047 0.872222 0.0445312 0.0527778
3 2 0.242188 0.3125 0.05625 0.0472222
3 2 0.523828 0.35 0.108594 0.161111
3 2 0.357422 0.4 0.100781 0.166667
3 2 0.304688 0.3375 0.0984375 0.158333
3 2 0.541016 0.897222 0.202344 0.194444
3 2 0.180469 0.302778 0.059375 0.0666667
3 2 0.396875 0.465278 0.129688 0.177778
3 2 0.485156 0.629167 0.15 0.219444
3 2 0.705859 0.529167 0.153906 0.2
3 5 0.103516 0.263194 0.0679687 0.151389
3 7 0.0476562 0.290972 0.05 0.0763889
3 7 0.523438 0.349306 0.110937 0.1625
4 0 0.683594 0.475694 0.0265625 0.0458333
4 2 0.243359 0.306944 0.0601562 0.0583333
4 2 0.525 0.352083 0.109375 0.1625
4 2 0.305859 0.3375 0.0976562 0.158333
4 2 0.358203 0.4 0.100781 0.166667
4 2 0.180859 0.302778 0.0585938 0.0694444
4 2 0.541797 0.898611 0.203906 0.191667
4 2 0.398438 0.466667 0.129688 0.177778
4 2 0.486328 0.63125 0.149219 0.220833
4 2 0.709375 0.530556 0.151562 0.205556
4 5 0.103906 0.263194 0.0671875 0.151389
4 7 0.0476562 0.290278 0.05 0.0777778
4 7 0.524609 0.350694 0.111719 0.1625
5 0 0.685156 0.478472 0.025 0.0430556
5 0 0.494922 0.885417 0.0367187 0.0458333
5 2 0.242969 0.309028 0.059375 0.0486111
5 2 0.526563 0.353472 0.109375 0.1625
5 2 0.306641 0.338194 0.0960938 0.156944
5 2 0.358594 0.401389 0.1 0.166667
5 2 0.180859 0.302083 0.0585938 0.0708333
5 2 0.542188 0.900694 0.204688 0.1875
5 2 0.399609 0.469444 0.128906 0.175
5 2 0.488281 0.634722 0.15 0.222222
5 2 0.710156 0.534028 0.153125 0.198611
5 5 0.103906 0.2625 0.0671875 0.152778
5 7 0.0480469 0.289583 0.0492188 0.0763889
6 0 0.687109 0.48125 0.0242187 0.0458333
6 0 0.502344 0.890972 0.0484375 0.0541667
6 2 0.242969 0.311111 0.059375 0.0472222
6 2 0.527734 0.355556 0.110156 0.163889
6 2 0.181641 0.302083 0.0585938 0.0708333
6 2 0.54375 0.902778 0.204688 0.180556
6 2 0.307813 0.338889 0.0953125 0.155556
6 2 0.358984 0.402083 0.0992187 0.168056
6 2 0.400781 0.470833 0.129688 0.177778
6 2 0.489844 0.638194 0.15 0.223611
6 2 0.711719 0.538194 0.15 0.204167
6 5 0.103516 0.2625 0.0679687 0.15
6 7 0.0484375 0.290278 0.0484375 0.075
7 0 0.688672 0.483333 0.0257812 0.0444444
7 2 0.243359 0.311806 0.0585938 0.0458333
7 2 0.529297 0.355556 0.108594 0.161111
7 2 0.182422 0.301389 0.0601562 0.0722222
7 2 0.542969 0.90625 0.20625 0.173611
7 2 0.308594 0.340278 0.096875 0.155556
7 2 0.360547 0.404861 0.0992187 0.168056
7 2 0.401563 0.474306 0.13125 0.179167
7 2 0.491016 0.642361 0.150781 0.223611
7 2 0.712891 0.540972 0.149219 0.204167
7 5 0.104297 0.2625 0.0679687 0.15
7 7 0.530469 0.353472 0.1125 0.165278
8 0 0.691016 0.486111 0.0273438 0.0416667
8 2 0.244141 0.310417 0.0601562 0.0458333
8 2 0.530859 0.35625 0.108594 0.159722
8 2 0.544531 0.909028 0.201562 0.168056
8 2 0.183203 0.300694 0.0601562 0.0736111
8 2 0.308594 0.340278 0.096875 0.155556
8 2 0.361719 0.405556 0.1 0.166667
8 2 0.401953 0.475694 0.128906 0.181944
8 2 0.714844 0.542361 0.148438 0.204167
8 2 0.491797 0.645833 0.153906 0.225
8 5 0.104297 0.2625 0.0679687 0.15
8 7 0.0488281 0.289583 0.0476562 0.0736111
9 0 0.692187 0.486111 0.03125 0.05
9 2 0.246484 0.305556 0.0617188 0.0583333
9 2 0.533203 0.355556 0.111719 0.163889
9 2 0.547656 0.913889 0.203125 0.163889
9 2 0.309375 0.340972 0.096875 0.156944
9 2 0.183203 0.300694 0.0601562 0.0736111
9 2 0.363281 0.406944 0.101562 0.166667
9 2 0.403516 0.477778 0.130469 0.180556
9 2 0.717188 0.54375 0.15 0.206944
9 2 0.492969 0.650694 0.154687 0.226389
9 5 0.103906 0.261806 0.0671875 0.151389
9 7 0.0484375 0.289583 0.0484375 0.0763889
9 7 0.102344 0.263889 0.071875 0.152778
10 0 0.693359 0.488194 0.0304688 0.0486111
10 2 0.247656 0.30625 0.0640625 0.0597222
10 2 0.532812 0.357639 0.110937 0.1625
10 2 0.547266 0.918056 0.205469 0.158333
10 2 0.309375 0.341667 0.096875 0.155556
10 2 0.183203 0.300694 0.0601562 0.0736111
10 2 0.363281 0.408333 0.101562 0.169444
10 2 0.403516 0.479861 0.133594 0.179167
10 2 0.717969 0.544444 0.151562 0.208333
10 2 0.494531 0.654167 0.153125 0.225
10 5 0.104297 0.261806 0.0679687 0.151389
10 7 0.103125 0.263889 0.071875 0.152778
10 7 0.0484375 0.290278 0.0484375 0.075
11 2 0.246094 0.314583 0.0625 0.0486111
11 2 0.533984 0.359028 0.111719 0.165278
11 2 0.183984 0.300694 0.0601562 0.0736111
11 2 0.309766 0.341667 0.0976562 0.155556
11 2 0.545703 0.921528 0.199219 0.145833
11 2 0.363672 0.411111 0.102344 0.169444
11 2 0.404297 0.481944 0.132031 0.180556
11 2 0.495313 0.657639 0.153125 0.226389
11 2 0.719922 0.546528 0.152344 0.209722
11 5 0.104297 0.261111 0.0679687 0.15
11 7 0.0488281 0.290278 0.0492188 0.075
11 7 0.102734 0.263194 0.0726563 0.151389
11 7 0.533984 0.356944 0.110156 0.166667
12 2 0.247266 0.314583 0.0617188 0.0486111
12 2 0.535547 0.359722 0.113281 0.163889
12 2 0.547656 0.925694 0.209375 0.148611
12 2 0.183984 0.3 0.0617188 0.075
12 2 0.311328 0.34375 0.0976562 0.156944
12 2 0.365234 0.413889 0.105469 0.175
12 2 0.40625 0.483333 0.134375 0.180556
12 2 0.498047 0.663194 0.150781 0.226389
12 2 0.723047 0.551389 0.155469 0.205556
12 5 0.104297 0.261806 0.0679687 0.151389
12 7 0.0484375 0.290278 0.0484375 0.075
12 7 0.102734 0.263194 0.0726563 0.151389
12 7 0.535937 0.359722 0.110937 0.166667
13 2 0.536328 0.360417 0.113281 0.165278
13 2 0.246484 0.316667 0.0601562 0.0416667
13 2 0.183984 0.3 0.0617188 0.075
13 2 0.548047 0.927778 0.207031 0.141667
13 2 0.311328 0.34375 0.0976562 0.156944
13 2 0.366016 0.415278 0.105469 0.175
13 2 0.498437 0.665278 0.151562 0.230556
13 2 0.407031 0.484028 0.132812 0.181944
13 2 0.725391 0.553472 0.153906 0.209722
13 5 0.103906 0.261111 0.06875 0.15
13 7 0.103125 0.263194 0.071875 0.151389
13 7 0.0484375 0.290278 0.0484375 0.075
13 7 0.536719 0.360417 0.110937 0.165278
14 0 0.701953 0.497917 0.0304688 0.0513889
14 0 0.505859 0.935417 0.0367187 0.0430556
14 2 0.247656 0.316667 0.059375 0.0416667
14 2 0.5375 0.361806 0.114063 0.165278
14 2 0.184375 0.299306 0.0625 0.0763889
14 2 0.548828 0.928472 0.208594 0.134722
14 2 0.312109 0.345139 0.0976562 0.156944
14 2 0.365234 0.414583 0.105469 0.170833
14 2 0.500391 0.670833 0.155469 0.230556
14 2 0.408594 0.488889 0.135937 0.180556
14 2 0.726562 0.555556 0.157813 0.208333
14 5 0.103906 0.261111 0.0671875 0.15
14 7 0.0480469 0.290278 0.0492188 0.075
14 7 0.102734 0.261806 0.0710938 0.151389
15 2 0.246875 0.316667 0.059375 0.0416667
15 2 0.184766 0.298611 0.0632813 0.0777778
15 2 0.539062 0.361111 0.114063 0.166667
15 2 0.549219 0.928472 0.207813 0.123611
15 2 0.313672 0.345833 0.0976562 0.158333
15 2 0.501953 0.673611 0.157031 0.230556
15 2 0.367188 0.415278 0.104687 0.169444
15 2 0.410937 0.491667 0.135937 0.180556
15 2 0.728906 0.557639 0.157813 0.206944
15 5 0.103906 0.261111 0.0671875 0.15
15 7 0.0488281 0.290278 0.0476562 0.075
16 0 0.505078 0.952778 0.0476562 0.0555556
16 2 0.247656 0.315972 0.0578125 0.0402778
16 2 0.539453 0.363194 0.114844 0.168056
16 2 0.184375 0.298611 0.0625 0.075
16 2 0.548828 0.929861 0.205469 0.115278
16 2 0.314844 0.346528 0.0984375 0.159722
16 2 0.502734 0.677778 0.157031 0.233333
16 2 0.367578 0.418056 0.103906 0.166667
16 2 0.412109 0.49375 0.138281 0.179167
16 2 0.731641 0.561111 0.157031 0.208333
16 5 0.103516 0.261806 0.0679687 0.148611
16 7 0.0484375 0.290278 0.046875 0.075
16 7 0.539062 0.363194 0.110937 0.165278
17 0 0.759375 0.510417 0.028125 0.0402778
17 0 0.70625 0.509028 0.03125 0.0458333
17 0 0.503906 0.956944 0.0515625 0.0583333
17 2 0.248047 0.316667 0.0601562 0.0416667
17 2 0.540234 0.363194 0.117969 0.168056
17 2 0.184766 0.297917 0.0617188 0.0763889
17 2 0.551172 0.933333 0.208594 0.113889
17 2 0.315625 0.347917 0.1 0.1625
17 2 0.367578 0.420833 0.103906 0.169444
17 2 0.413281 0.498611 0.135937 0.177778
17 2 0.505469 0.681944 0.15625 0.233333
17 2 0.734375 0.563889 0.157813 0.213889
17 5 0.103516 0.261111 0.0679687 0.15
17 7 0.0484375 0.290278 0.0484375 0.075
17 7 0.539062 0.363889 0.1125 0.166667
18 0 0.50625 0.961806 0.053125 0.0569444
18 0 0.70625 0.509028 0.0296875 0.0458333
18 2 0.247656 0.315972 0.0609375 0.0430556
18 2 0.541797 0.364583 0.117969 0.168056
18 2 0.555469 0.9375 0.201562 0.111111
18 2 0.184766 0.297917 0.0617188 0.0763889
18 2 0.316016 0.348611 0.100781 0.161111
18 2 0.36875 0.422917 0.10625 0.168056
18 2 0.414844 0.499306 0.1375 0.179167
18 2 0.50625 0.686111 0.157813 0.233333
18 2 0.735156 0.567361 0.159375 0.2125
18 5 0.103516 0.261806 0.0679687 0.151389
18 7 0.0480469 0.290278 0.0476562 0.075
19 0 0.760938 0.516667 0.0265625 0.0305556
19 0 0.707031 0.511111 0.028125 0.0416667
19 2 0.25 0.310417 0.0640625 0.0486111
19 2 0.542969 0.365278 0.117188 0.169444
19 2 0.558984 0.94375 0.196094 0.106944
19 2 0.316797 0.35 0.102344 0.163889
19 2 0.185156 0.297917 0.0625 0.0763889
19 2 0.36875 0.425 0.10625 0.169444
19 2 0.416016 0.499306 0.138281 0.1875
19 2 0.7375 0.570139 0.159375 0.2125
19 2 0.507812 0.689583 0.157813 0.234722
19 5 0.103516 0.261806 0.0679687 0.151389
19 7 0.0484375 0.290278 0.0484375 0.075
20 0 0.511328 0.972222 0.0320312 0.0444444
20 0 0.709766 0.514583 0.0273438 0.0375
20 2 0.249219 0.311806 0.0640625 0.0486111
20 2 0.565625 0.947222 0.192188 0.1
20 2 0.185937 0.297917 0.0625 0.0763889
20 2 0.545313 0.366667 0.11875 0.169444
20 2 0.317187 0.352083 0.103125 0.1625
20 2 0.369531 0.426389 0.10625 0.169444
20 2 0.417969 0.502778 0.142188 0.186111
20 2 0.739844 0.572917 0.157813 0.215278
20 2 0.508984 0.69375 0.158594 0.234722
20 5 0.103906 0.261806 0.06875 0.151389
20 7 0.102734 0.2625 0.0710938 0.152778
20 7 0.0480469 0.290278 0.0492188 0.075
21 0 0.510547 0.975694 0.0289063 0.0430556
21 0 0.7125 0.520833 0.028125 0.0416667
21 2 0.248047 0.313194 0.0601562 0.0458333
21 2 0.563672 0.950694 0.183594 0.0958333
21 2 0.546875 0.368056 0.11875 0.169444
21 2 0.185937 0.297917 0.0625 0.0763889
21 2 0.317969 0.352778 0.103125 0.163889
21 2 0.369531 0.427778 0.10625 0.169444
21 2 0.419922 0.50625 0.141406 0.1875
21 2 0.742578 0.575694 0.160156 0.215278
21 2 0.510547 0.697917 0.158594 0.234722
21 5 0.104687 0.261806 0.06875 0.151389
21 7 0.103125 0.263889 0.071875 0.152778
21 7 0.0480469 0.289583 0.0476562 0.0736111
22 0 0.714844 0.520139 0.0328125 0.0513889
22 2 0.546875 0.368056 0.11875 0.169444
22 2 0.249219 0.313194 0.0625 0.0458333
22 2 0.186328 0.297917 0.0632813 0.0763889
22 2 0.561328 0.952778 0.182031 0.0888889
22 2 0.317969 0.352778 0.103125 0.163889
22 2 0.371484 0.430556 0.105469 0.169444
22 2 0.421094 0.508333 0.139062 0.188889
22 2 0.742188 0.579861 0.157813 0.215278
22 2 0.512891 0.701389 0.158594 0.233333
22 5 0.103906 0.261111 0.06875 0.15
22 7 0.0476562 0.290278 0.0484375 0.075
23 0 0.714844 0.524306 0.0328125 0.0513889
23 2 0.548437 0.36875 0.11875 0.170833
23 2 0.250781 0.313194 0.065625 0.0486111
23 2 0.187109 0.297917 0.0632813 0.0763889
23 2 0.319922 0.354861 0.102344 0.165278
23 2 0.557813 0.955556 0.173438 0.0833333
23 2 0.373828 0.433333 0.107031 0.169444
23 2 0.422656 0.509722 0.139062 0.191667
23 2 0.744141 0.584028 0.157031 0.215278
23 2 0.513281 0.70625 0.159375 0.2375
23 5 0.103906 0.261806 0.06875 0.148611
23 7 0.102734 0.263194 0.0726563 0.151389
23 7 0.0476562 0.290278 0.05 0.075
24 2 0.550391 0.370139 0.116406 0.170833
24 2 0.250391 0.313194 0.0648438 0.0486111
24 2 0.1875 0.296528 0.0640625 0.0763889
24 2 0.320703 0.354861 0.102344 0.168056
24 2 0.557031 0.958333 0.16875 0.0777778
24 2 0.374609 0.434722 0.105469 0.172222
24 2 0.746094 0.584722 0.15625 0.211111
24 2 0.423828 0.5125 0.141406 0.188889
24 2 0.514844 0.709028 0.159375 0.2375
24 5 0.103906 0.261111 0.06875 0.15
24 7 0.102734 0.263194 0.0710938 0.151389
24 7 0.0480469 0.290278 0.0492188 0.075
25 0 0.488672 0.661111 0.0367187 0.05
25 0 0.719141 0.529861 0.0335938 0.0513889
25 2 0.551172 0.370139 0.113281 0.173611
25 2 0.251172 0.313889 0.0632813 0.0472222
25 2 0.188281 0.296528 0.0640625 0.0763889
25 2 0.321484 0.354861 0.102344 0.168056
25 2 0.557813 0.960417 0.165625 0.0708333
25 2 0.747656 0.5875 0.160938 0.213889
25 2 0.375781 0.435417 0.107813 0.173611
25 2 0.425391 0.515278 0.141406 0.186111
25 2 0.516406 0.713194 0.159375 0.2375
25 5 0.103906 0.261806 0.06875 0.151389
25 7 0.102734 0.263889 0.0710938 0.152778
25 7 0.0480469 0.289583 0.0492188 0.0736111
26 0 0.535547 0.325694 0.0210938 0.0402778
26 0 0.722266 0.53125 0.0320312 0.0486111
26 2 0.552734 0.370833 0.113281 0.175
26 2 0.253125 0.316667 0.0640625 0.0472222
26 2 0.189453 0.295833 0.0648438 0.0777778
26 2 0.322656 0.35625 0.101562 0.168056
26 2 0.751562 0.591667 0.159375 0.216667
26 2 0.557813 0.963889 0.160938 0.0638889
26 2 0.377344 0.436111 0.110937 0.175
26 2 0.426953 0.518056 0.139844 0.188889
26 2 0.518359 0.719444 0.160156 0.241667
26 5 0.104687 0.261806 0.06875 0.148611
26 7 0.102734 0.263194 0.0710938 0.151389
26 7 0.0480469 0.289583 0.0476562 0.0736111
27 0 0.535156 0.325694 0.025 0.0375
27 0 0.726562 0.531944 0.0328125 0.05
27 2 0.553906 0.372222 0.115625 0.177778
27 2 0.253906 0.318056 0.0640625 0.05
27 2 0.557813 0.967361 0.157813 0.0541667
27 2 0.379297 0.436111 0.111719 0.175
27 2 0.190234 0.295833 0.0648438 0.0777778
27 2 0.324219 0.359028 0.103125 0.165278
27 2 0.752734 0.594444 0.160156 0.216667
27 2 0.428516 0.520833 0.138281 0.191667
27 2 0.520312 0.723611 0.160938 0.241667
27 5 0.104687 0.261806 0.06875 0.148611
27 7 0.104297 0.261111 0.0710938 0.147222
27 7 0.0484375 0.289583 0.0484375 0.0736111
27 7 0.551172 0.373611 0.119531 0.175
28 0 0.782031 0.544444 0.0265625 0.0277778
28 0 0.536719 0.328472 0.0234375 0.0402778
28 0 0.728516 0.535417 0.0367187 0.0513889
28 2 0.557422 0.970139 0.155469 0.0486111
28 2 0.553516 0.372222 0.117969 0.177778
28 2 0.254297 0.318056 0.0632813 0.05
28 2 0.190234 0.295139 0.0648438 0.0791667
28 2 0.380469 0.4375 0.114063 0.175
28 2 0.324609 0.359722 0.103906 0.163889
28 2 0.754687 0.595833 0.160938 0.216667
28 2 0.430078 0.522917 0.139844 0.193056
28 2 0.521484 0.728472 0.163281 0.243056
28 5 0.103906 0.261111 0.06875 0.15
28 7 0.103125 0.263194 0.071875 0.151389
28 7 0.551562 0.375 0.125 0.172222
28 7 0.0484375 0.289583 0.0484375 0.0736111
29 0 0.306641 0.319444 0.0195312 0.0305556
29 0 0.781641 0.545833 0.0273438 0.0305556
29 0 0.729688 0.538889 0.0390625 0.0555556
29 2 0.557813 0.973611 0.151562 0.0444444
29 2 0.554688 0.372917 0.120312 0.176389
29 2 0.254297 0.313889 0.0585938 0.05
29 2 0.324609 0.359722 0.102344 0.163889
29 2 0.382031 0.439583 0.115625 0.176389
29 2 0.191016 0.295139 0.0648438 0.0791667
29 2 0.430859 0.525 0.139844 0.194444
29 2 0.755469 0.598611 0.165625 0.219444
29 2 0.522656 0.731944 0.164062 0.241667
29 5 0.103906 0.261111 0.06875 0.15
29 7 0.102734 0.263194 0.0710938 0.151389
29 7 0.0480469 0.290278 0.0492188 0.075
30 0 0.537109 0.329861 0.0257812 0.0402778
30 0 0.783984 0.549306 0.0289063 0.0347222
30 0 0.307422 0.320833 0.0195312 0.0305556
30 0 0.729297 0.543056 0.0367187 0.0555556
30 2 0.555469 0.977083 0.151562 0.0430556
30 2 0.557031 0.372917 0.120312 0.179167
30 2 0.254687 0.313194 0.059375 0.0486111
30 2 0.191797 0.295139 0.0664062 0.0791667
30 2 0.325781 0.361806 0.104687 0.1625
30 2 0.382812 0.441667 0.115625 0.177778
30 2 0.431641 0.526389 0.139844 0.197222
30 2 0.757422 0.602083 0.163281 0.220833
30 2 0.524609 0.736806 0.166406 0.240278
30 5 0.103906 0.261111 0.06875 0.15
30 7 0.102734 0.263194 0.0710938 0.151389
30 7 0.0484375 0.289583 0.0484375 0.0736111
31 0 0.523438 0.738889 0.164062 0.233333
31 0 0.539453 0.330556 0.0257812 0.0416667
31 0 0.784766 0.550694 0.0304688 0.0402778
31 0 0.733203 0.549306 0.0335938 0.0486111
31 0 0.307813 0.321528 0.01875 0.0319444
31 2 0.55625 0.979861 0.151562 0.0402778
31 2 0.558203 0.374306 0.117969 0.179167
31 2 0.255078 0.313194 0.0601562 0.0513889
31 2 0.192578 0.295833 0.0664062 0.0777778
31 2 0.327734 0.3625 0.107031 0.161111
31 2 0.383594 0.444444 0.115625 0.177778
31 2 0.432813 0.528472 0.142188 0.195833
31 2 0.760547 0.606944 0.163281 0.222222
31 2 0.525391 0.740278 0.166406 0.238889
31 5 0.103906 0.261111 0.06875 0.15
31 7 0.103125 0.263889 0.071875 0.15
31 7 0.0484375 0.289583 0.0484375 0.0736111
32 0 0.541406 0.33125 0.0265625 0.0375
32 0 0.785156 0.552083 0.03125 0.0430556
32 0 0.308594 0.322222 0.01875 0.0305556
32 0 0.736328 0.55 0.0335938 0.0527778
32 2 0.557813 0.984722 0.146875 0.0305556
32 2 0.560547 0.378472 0.119531 0.173611
32 2 0.255469 0.313194 0.0609375 0.0513889
32 2 0.192969 0.295833 0.0671875 0.0777778
32 2 0.328125 0.3625 0.10625 0.163889
32 2 0.385156 0.445139 0.115625 0.179167
32 2 0.434766 0.530556 0.142969 0.202778
32 2 0.7625 0.611111 0.164062 0.227778
32 2 0.527734 0.745139 0.163281 0.243056
32 5 0.103906 0.261806 0.06875 0.148611
32 7 0.103125 0.263889 0.071875 0.15
32 7 0.0484375 0.289583 0.046875 0.0736111
33 0 0.790234 0.559028 0.0289063 0.0347222
33 0 0.308594 0.322917 0.01875 0.0319444
33 0 0.738281 0.552778 0.034375 0.0527778
33 2 0.562891 0.379167 0.119531 0.175
33 2 0.255469 0.313194 0.059375 0.0513889
33 2 0.192578 0.295833 0.0664062 0.0777778
33 2 0.328906 0.363889 0.107813 0.163889
33 2 0.385938 0.447222 0.115625 0.177778
33 2 0.435937 0.531944 0.145313 0.2
33 2 0.764063 0.613889 0.165625 0.225
33 2 0.529297 0.75 0.164844 0.247222
33 5 0.103906 0.2625 0.06875 0.15
33 7 0.103125 0.264583 0.071875 0.151389
33 7 0.0480469 0.289583 0.0476562 0.0736111
34 0 0.435547 0.531944 0.135156 0.208333
34 0 0.792578 0.561806 0.0273438 0.0319444
34 0 0.308594 0.323611 0.0203125 0.0333333
34 0 0.739062 0.553472 0.0328125 0.0513889
34 2 0.565234 0.380556 0.117969 0.175
34 2 0.255859 0.313889 0.0585938 0.0527778
34 2 0.192188 0.295833 0.065625 0.075
34 2 0.330859 0.364583 0.108594 0.1625
34 2 0.386719 0.447917 0.1125 0.179167
34 2 0.437109 0.534722 0.147656 0.2
34 2 0.769531 0.617361 0.1625 0.220833
34 2 0.530859 0.752778 0.167969 0.25
34 5 0.104687 0.261806 0.0703125 0.151389
34 7 0.0480469 0.289583 0.0476562 0.0736111
34 7 0.103125 0.264583 0.0703125 0.151389
35 0 0.546094 0.332639 0.0234375 0.0375
35 0 0.310937 0.322222 0.0234375 0.0277778
35 0 0.740625 0.557639 0.0328125 0.0513889
35 2 0.566406 0.38125 0.115625 0.176389
35 2 0.192969 0.295833 0.065625 0.075
35 2 0.256641 0.313889 0.0585938 0.0527778
35 2 0.331641 0.366667 0.108594 0.163889
35 2 0.389062 0.447917 0.115625 0.176389
35 2 0.439063 0.536111 0.15 0.2
35 2 0.532031 0.756944 0.16875 0.255556
35 2 0.771875 0.620139 0.1625 0.220833
35 5 0.103906 0.261806 0.06875 0.151389
35 7 0.0480469 0.289583 0.0492188 0.0736111
35 7 0.103125 0.264583 0.0703125 0.151389
36 0 0.355859 0.322917 0.0273438 0.0402778
36 0 0.310156 0.323611 0.0234375 0.0277778
36 0 0.741406 0.563889 0.034375 0.0527778
36 2 0.358984 0.409028 0.141406 0.181944
36 2 0.56875 0.382639 0.115625 0.179167
36 2 0.193359 0.295833 0.0648438 0.075
36 2 0.25625 0.313194 0.059375 0.0541667
36 2 0.332422 0.367361 0.108594 0.165278
36 2 0.441016 0.539583 0.150781 0.201389
36 2 0.388672 0.449306 0.113281 0.179167
36 2 0.769531 0.622222 0.165625 0.219444
36 2 0.533203 0.766667 0.167969 0.252778
36 5 0.103906 0.261111 0.06875 0.15
36 7 0.103125 0.263194 0.0703125 0.151389
36 7 0.0484375 0.289583 0.0484375 0.0736111
37 0 0.355469 0.324306 0.025 0.0375
37 0 0.741797 0.567361 0.0335938 0.0541667
37 0 0.310547 0.324306 0.0226563 0.0291667
37 2 0.571094 0.384722 0.115625 0.175
37 2 0.19375 0.295139 0.065625 0.0763889
37 2 0.332422 0.36875 0.108594 0.165278
37 2 0.25625 0.313194 0.059375 0.0541667
37 2 0.441406 0.542361 0.148438 0.198611
37 2 0.389062 0.452778 0.110937 0.180556
37 2 0.772266 0.627778 0.169531 0.213889
37 2 0.535156 0.769444 0.167187 0.255556
37 5 0.103516 0.261111 0.0679687 0.15
37 7 0.0480469 0.289583 0.0476562 0.0736111
37 7 0.103125 0.263889 0.0703125 0.152778
38 0 0.745313 0.572222 0.03125 0.05
38 0 0.35625 0.328472 0.028125 0.0402778
38 0 0.3125 0.325 0.0234375 0.0305556
38 0 0.564844 0.706944 0.034375 0.0555556
38 2 0.572656 0.385417 0.117188 0.179167
38 2 0.194531 0.294444 0.065625 0.0777778
38 2 0.257031 0.3125 0.059375 0.0555556
38 2 0.332422 0.369444 0.110156 0.166667
38 2 0.389844 0.452083 0.114063 0.181944
38 2 0.442969 0.545139 0.146875 0.198611
38 2 0.774219 0.63125 0.16875 0.215278
38 2 0.536328 0.772917 0.167969 0.254167
38 5 0.103516 0.261806 0.0679687 0.148611
38 7 0.0480469 0.289583 0.0476562 0.0736111
38 7 0.103125 0.264583 0.0703125 0.151389
39 0 0.565234 0.708333 0.0382813 0.0555556
39 0 0.3125 0.325694 0.025 0.0319444
39 0 0.356641 0.327083 0.0273438 0.0375
39 0 0.746484 0.574306 0.0320312 0.0486111
39 2 0.257812 0.311111 0.059375 0.0555556
39 2 0.572656 0.386806 0.117188 0.179167
39 2 0.194531 0.294444 0.065625 0.0777778
39 2 0.332812 0.371528 0.109375 0.165278
39 2 0.391406 0.454167 0.115625 0.186111
39 2 0.444922 0.546528 0.147656 0.201389
39 2 0.775391 0.636111 0.171094 0.216667
39 2 0.537891 0.777083 0.169531 0.254167
39 5 0.103516 0.261111 0.0679687 0.15
39 7 0.0480469 0.289583 0.0476562 0.0736111
39 7 0.103125 0.263194 0.0703125 0.151389
40 0 0.313672 0.328472 0.0226563 0.0347222
40 0 0.566406 0.711806 0.0390625 0.0541667
40 0 0.357422 0.327083 0.0289063 0.0375
40 0 0.749219 0.575694 0.0328125 0.0486111
40 2 0.258203 0.310417 0.0585938 0.0569444
40 2 0.194922 0.29375 0.0664062 0.0791667
40 2 0.573438 0.3875 0.11875 0.180556
40 2 0.333203 0.371528 0.108594 0.165278
40 2 0.392578 0.45625 0.116406 0.1875
40 2 0.447656 0.549306 0.151562 0.204167
40 2 0.776953 0.638889 0.171094 0.219444
40 2 0.539453 0.780556 0.169531 0.25
40 5 0.103516 0.261111 0.0679687 0.15
40 7 0.0480469 0.289583 0.0476562 0.0736111
40 7 0.103125 0.263194 0.0703125 0.151389
41 0 0.357031 0.328472 0.0265625 0.0375
41 0 0.314453 0.329167 0.0210938 0.0388889
41 0 0.752734 0.578472 0.0367187 0.0486111
41 2 0.195312 0.294444 0.065625 0.0777778
41 2 0.257812 0.311111 0.059375 0.0611111
41 2 0.333984 0.372917 0.108594 0.168056
41 2 0.573828 0.390278 0.119531 0.180556
41 2 0.394141 0.459028 0.117969 0.1875
41 2 0.540625 0.788194 0.171875 0.251389
41 2 0.447266 0.552083 0.152344 0.204167
41 2 0.780469 0.640278 0.165625 0.227778
41 5 0.103516 0.261111 0.0679687 0.15
41 7 0.0480469 0.289583 0.0476562 0.0736111
42 0 0.557422 0.342361 0.0210938 0.0291667
42 0 0.357422 0.328472 0.0257812 0.0375
42 0 0.314844 0.330556 0.021875 0.0388889
42 0 0.754297 0.582639 0.0382813 0.0541667
42 2 0.575781 0.392361 0.11875 0.181944
42 2 0.258594 0.311111 0.0578125 0.0611111
42 2 0.335547 0.373611 0.108594 0.169444
42 2 0.196094 0.29375 0.0671875 0.0791667
42 2 0.394531 0.461111 0.11875 0.186111
42 2 0.448438 0.555556 0.153125 0.202778
42 2 0.541406 0.793056 0.171875 0.25
42 2 0.78125 0.64375 0.16875 0.226389
42 5 0.103906 0.261111 0.06875 0.15
42 7 0.0480469 0.289583 0.0476562 0.0736111
43 0 0.811328 0.593056 0.0242187 0.0333333
43 0 0.358203 0.329167 0.0242187 0.0388889
43 0 0.316016 0.331944 0.0210938 0.0388889
43 0 0.559766 0.34375 0.0226563 0.0319444
43 0 0.755078 0.586806 0.0367187 0.0569444
43 2 0.577344 0.391667 0.120312 0.180556
43 2 0.258594 0.310417 0.0578125 0.0625
43 2 0.335547 0.373611 0.107031 0.169444
43 2 0.196094 0.29375 0.0671875 0.0791667
43 2 0.396094 0.4625 0.117188 0.186111
43 2 0.543359 0.8 0.174219 0.25
43 2 0.45 0.559028 0.153125 0.201389
43 2 0.783203 0.646528 0.172656 0.229167
43 5 0.103906 0.261111 0.06875 0.15
43 7 0.0476562 0.289583 0.0484375 0.0736111
44 0 0.810547 0.595139 0.0289063 0.0402778
44 0 0.358984 0.329861 0.0226563 0.0375
44 0 0.316016 0.332639 0.0210938 0.0375
44 0 0.760156 0.586806 0.0296875 0.0541667
44 0 0.560156 0.345139 0.0234375 0.0347222
44 2 0.578906 0.392361 0.121875 0.181944
44 2 0.258594 0.309722 0.0578125 0.0638889
44 2 0.335938 0.375 0.10625 0.169444
44 2 0.196875 0.29375 0.0671875 0.0791667
44 2 0.397266 0.463194 0.121094 0.184722
44 2 0.544922 0.803472 0.174219 0.251389
44 2 0.451953 0.561806 0.150781 0.201389
44 2 0.786328 0.652083 0.174219 0.234722
44 5 0.103516 0.261111 0.0679687 0.15
44 7 0.0476562 0.289583 0.0484375 0.0736111
45 0 0.514844 0.749306 0.040625 0.0486111
45 0 0.453125 0.560417 0.148438 0.198611
45 0 0.810547 0.596528 0.0320312 0.0430556
45 0 0.574609 0.740278 0.0351562 0.05
45 0 0.316797 0.334028 0.0210938 0.0347222
45 0 0.360156 0.329861 0.0234375 0.0402778
45 0 0.761719 0.59375 0.0328125 0.0541667
45 0 0.561328 0.347222 0.0226563 0.0388889
45 2 0.580469 0.39375 0.121875 0.1875
45 2 0.337109 0.375 0.105469 0.169444
45 2 0.259375 0.309722 0.0578125 0.0638889
45 2 0.197266 0.29375 0.0664062 0.0791667
45 2 0.398438 0.464583 0.121875 0.184722
45 2 0.546484 0.811111 0.175781 0.258333
45 2 0.452344 0.565278 0.153125 0.205556
45 2 0.7875 0.658333 0.176563 0.233333
45 5 0.103516 0.2625 0.0695312 0.15
45 7 0.580859 0.394444 0.121094 0.186111
46 0 0.81875 0.602083 0.0296875 0.0375
46 0 0.360156 0.331944 0.0234375 0.0416667
46 0 0.583203 0.395833 0.121094 0.188889
46 0 0.561328 0.348611 0.0242187 0.0388889
46 0 0.762891 0.597222 0.0335938 0.0527778
46 2 0.582812 0.395139 0.123438 0.184722
46 2 0.337891 0.375694 0.105469 0.170833
46 2 0.198047 0.293056 0.0664062 0.0805556
46 2 0.259375 0.309028 0.05625 0.0652778
46 2 0.398047 0.468056 0.124219 0.183333
46 2 0.454297 0.568056 0.150781 0.205556
46 2 0.548047 0.815972 0.175781 0.259722
46 2 0.788672 0.661111 0.177344 0.233333
46 5 0.103516 0.261111 0.0679687 0.15
47 0 0.360156 0.333333 0.025 0.0444444
47 0 0.583594 0.397917 0.121875 0.1875
47 0 0.561719 0.350694 0.0234375 0.0402778
47 0 0.765234 0.600694 0.0335938 0.0486111
47 2 0.583984 0.396528 0.125781 0.184722
47 2 0.198047 0.293056 0.0664062 0.0805556
47 2 0.259766 0.308333 0.0570313 0.0638889
47 2 0.337891 0.379167 0.108594 0.172222
47 2 0.549219 0.822222 0.175 0.258333
47 2 0.455469 0.570833 0.153125 0.208333
47 2 0.398828 0.471528 0.121094 0.184722
47 2 0.791797 0.663889 0.175781 0.230556
47 5 0.103516 0.261111 0.0679687 0.15
47 7 0.0480469 0.289583 0.0492188 0.0736111
47 7 0.582422 0.397917 0.121094 0.1875
48 0 0.58125 0.751389 0.0375 0.0583333
48 0 0.584766 0.4 0.121094 0.188889
48 0 0.5625 0.351389 0.025 0.0388889
48 0 0.766016 0.605556 0.0335938 0.05
48 2 0.585938 0.398611 0.125 0.186111
48 2 0.198437 0.292361 0.065625 0.0819444
48 2 0.259375 0.307639 0.059375 0.0652778
48 2 0.339063 0.378472 0.109375 0.176389
48 2 0.458203 0.572917 0.152344 0.209722
48 2 0.4 0.472917 0.121875 0.181944
48 2 0.551172 0.825694 0.174219 0.256944
48 2 0.794531 0.664583 0.171875 0.226389
48 5 0.103516 0.261111 0.0679687 0.15
48 7 0.0480469 0.289583 0.0476562 0.0736111
48 7 0.583203 0.4 0.122656 0.188889
49 0 0.361719 0.336806 0.0234375 0.0402778
49 0 0.483984 0.521528 0.0351562 0.0402778
49 0 0.581641 0.753472 0.0382813 0.0597222
49 0 0.585547 0.400694 0.121094 0.1875
49 0 0.5625 0.351389 0.025 0.0388889
49 0 0.766016 0.609722 0.0367187 0.05
49 2 0.587109 0.400694 0.125781 0.184722
49 2 0.198828 0.292361 0.0664062 0.0819444
49 2 0.260156 0.306944 0.059375 0.0666667
49 2 0.339844 0.379861 0.110937 0.176389
49 2 0.400391 0.476389 0.121094 0.183333
49 2 0.460547 0.573611 0.150781 0.211111
49 2 0.796484 0.66875 0.174219 0.231944
49 2 0.552734 0.83125 0.175781 0.2625
49 5 0.103516 0.261111 0.0679687 0.15
49 7 0.0476562 0.288889 0.0484375 0.075
49 7 0.584375 0.400694 0.123438 0.1875
50 0 0.361719 0.336806 0.025 0.0430556
50 0 0.585938 0.402083 0.120312 0.184722
50 0 0.482422 0.525 0.0335938 0.0416667
50 0 0.562891 0.352083 0.0257812 0.0375
50 0 0.321875 0.338889 0.021875 0.0333333
50 0 0.769141 0.6125 0.0335938 0.05
50 2 0.589063 0.402083 0.125 0.181944
50 2 0.198828 0.291667 0.0664062 0.0805556
50 2 0.340234 0.383333 0.110156 0.175
50 2 0.260938 0.306944 0.059375 0.0638889
50 2 0.798047 0.676389 0.177344 0.233333
50 2 0.462109 0.575 0.153906 0.213889
50 2 0.400391 0.48125 0.119531 0.1875
50 2 0.553516 0.834722 0.175781 0.263889
50 5 0.103516 0.261111 0.0679687 0.15
50 7 0.0480469 0.289583 0.0476562 0.0736111
51 0 0.460547 0.577778 0.147656 0.216667
51 0 0.322656 0.341667 0.0203125 0.0333333
51 0 0.364844 0.339583 0.0234375 0.0402778
51 0 0.770312 0.616667 0.0390625 0.05
51 2 0.589844 0.403472 0.125 0.181944
51 2 0.199219 0.290972 0.0671875 0.0819444
51 2 0.341016 0.384028 0.111719 0.173611
51 2 0.261719 0.30625 0.059375 0.0652778
51 2 0.801562 0.679861 0.173438 0.234722
51 2 0.401953 0.484028 0.122656 0.190278
51 2 0.462109 0.579167 0.153906 0.213889
51 2 0.555469 0.840278 0.176563 0.263889
51 5 0.103906 0.261111 0.0671875 0.15
51 7 0.0476562 0.289583 0.0484375 0.0736111
51 7 0.103125 0.263194 0.0703125 0.151389
52 0 0.341406 0.383333 0.110937 0.169444
52 0 0.585156 0.774306 0.0359375 0.0569444
52 0 0.323047 0.341667 0.0210938 0.0305556
52 0 0.834375 0.618056 0.0296875 0.0527778
52 0 0.365625 0.341667 0.021875 0.0361111
52 0 0.771094 0.620833 0.0375 0.05
52 2 0.592188 0.405556 0.123438 0.180556
52 2 0.341797 0.386111 0.111719 0.172222
52 2 0.262891 0.30625 0.0585938 0.0652778
52 2 0.2 0.292361 0.0671875 0.0819444
52 2 0.462891 0.585417 0.150781 0.2125
52 2 0.802734 0.681944 0.175781 0.238889
52 2 0.402734 0.486806 0.122656 0.193056
52 2 0.557031 0.844444 0.178125 0.269444
52 5 0.103906 0.261806 0.0671875 0.151389
52 7 0.0476562 0.288889 0.0484375 0.0722222
52 7 0.103125 0.263889 0.0703125 0.152778
53 0 0.323047 0.341667 0.0210938 0.0305556
53 0 0.341797 0.383333 0.110156 0.169444
53 0 0.485547 0.533333 0.0289063 0.0388889
53 0 0.434766 0.536806 0.0257812 0.0375
53 0 0.586719 0.781944 0.0328125 0.0527778
53 0 0.365234 0.343056 0.0210938 0.0333333
53 0 0.835547 0.61875 0.0320312 0.0541667
53 0 0.776172 0.622917 0.0367187 0.0513889
53 2 0.342578 0.386806 0.111719 0.173611
53 2 0.262891 0.30625 0.0585938 0.0652778
53 2 0.594141 0.40625 0.122656 0.181944
53 2 0.200391 0.291667 0.0664062 0.0833333
53 2 0.464063 0.586806 0.151562 0.215278
53 2 0.403516 0.486806 0.122656 0.193056
53 2 0.805078 0.685417 0.177344 0.2375
53 2 0.558594 0.849306 0.179688 0.270833
53 5 0.103906 0.261111 0.0703125 0.152778
53 7 0.0476562 0.288889 0.0484375 0.0722222
53 7 0.103125 0.263194 0.0703125 0.151389
54 0 0.486328 0.536111 0.0257812 0.0388889
54 0 0.528516 0.795139 0.0492188 0.0541667
54 0 0.323828 0.342361 0.0210938 0.0319444
54 0 0.341797 0.383333 0.108594 0.175
54 0 0.5875 0.7875 0.0359375 0.0527778
54 0 0.366406 0.344444 0.0234375 0.0361111
54 0 0.777344 0.625694 0.040625 0.0541667
54 2 0.594531 0.408333 0.123438 0.183333
54 2 0.342578 0.388889 0.111719 0.172222
54 2 0.200781 0.291667 0.065625 0.0833333
54 2 0.263672 0.30625 0.0601562 0.0652778
54 2 0.466016 0.589583 0.152344 0.218056
54 2 0.404297 0.488194 0.122656 0.193056
54 2 0.558203 0.854861 0.178906 0.265278
54 2 0.806641 0.6875 0.178906 0.241667
54 5 0.103906 0.261111 0.0671875 0.15
54 7 0.0476562 0.288889 0.0484375 0.0722222
54 7 0.103125 0.263194 0.0703125 0.151389
55 0 0.343359 0.383333 0.110156 0.175
55 0 0.325781 0.341667 0.021875 0.0305556
55 0 0.836328 0.6375 0.0273438 0.0361111
55 0 0.368359 0.34375 0.0242187 0.0375
55 0 0.778906 0.630556 0.04375 0.0583333
55 2 0.201562 0.290278 0.065625 0.0861111
55 2 0.595312 0.409722 0.125 0.186111
55 2 0.34375 0.389583 0.114063 0.170833
55 2 0.264453 0.30625 0.0601562 0.0652778
55 2 0.467969 0.595833 0.154687 0.213889
55 2 0.405859 0.488889 0.122656 0.194444
55 2 0.560547 0.857639 0.180469 0.2625
55 2 0.809375 0.692361 0.179688 0.243056
55 5 0.103906 0.261111 0.0671875 0.15
55 7 0.0476562 0.289583 0.0484375 0.0736111
55 7 0.103125 0.263889 0.0703125 0.152778
